image: mbc_L10.pgm
resolution: 0.050000
origin: [0.4, -32.7, -0.000000]
negate: 0
occupied_thresh: 0.65
free_thresh: 0.196

