image: mbc.pgm
resolution: 0.060000
origin: [2.0, -29.7, 0.000000]
negate: 0
occupied_thresh: 0.65
free_thresh: 0.196

